image: 4F_2_ex.pgm
resolution: 0.050000
origin: [-33.251968, -51.060307, 0.000000]
negate: 0
occupied_thresh: 0.65
free_thresh: 0.196

