image: ./map_0402_LG2_slope.pgm
resolution: 0.100000
origin: [-98.70000, -93.9000, 0.0]
negate: 0
occupied_thresh: 0.65
free_thresh: 0.196
