image: map_2022-06-05-21-43-38_new_ok.pgm
resolution: 0.050000
origin: [-8.650000, -7.100000, 0.0]
negate: 0
occupied_thresh: 0.65
free_thresh: 0.196

