image: map_0402_4F.pgm
resolution: 0.100000
origin: [-35.300000, -53.500001, 0.0]
negate: 0
occupied_thresh: 0.65
free_thresh: 0.196

